5000
1 4084 97
2 4764 109
3 4 68
3 1618 45
4 3557 91
4 3669 94
5 1413 53
7 2125 49
9 8 11
10 11 24
10 1443 83
11 10 26
11 1963 29
11 3510 47
12 13 21
14 3425 31
20 2571 21
24 2550 65
25 2365 40
33 3963 79
33 4545 90
34 1981 27
35 600 92
36 407 87
37 972 13
37 4309 34
40 4796 68
41 1414 65
42 108 75
42 4158 45
45 44 32
45 2873 70
45 3578 28
47 727 24
55 384 55
56 57 25
58 1807 83
65 66 22
65 1489 58
68 4560 11
73 4950 43
80 4431 90
81 4505 52
82 520 64
83 1496 29
85 727 45
86 1229 26
88 2645 109
91 3100 21
94 1761 109
94 3318 29
95 162 46
96 97 21
96 1192 20
97 3130 92
105 3148 47
106 4173 19
107 114 96
107 248 67
110 556 33
112 4362 57
113 374 45
118 365 15
118 895 65
118 3825 101
119 436 11
120 121 66
122 123 65
122 2657 39
122 4540 43
129 33 68
132 2055 62
133 132 14
136 525 78
138 2565 51
142 4944 25
143 294 103
143 1083 19
147 2783 104
148 833 95
149 150 22
150 1970 24
154 908 14
155 156 32
158 751 39
159 4114 44
163 678 101
163 2781 18
165 166 96
169 168 45
170 1178 101
170 4544 69
171 172 23
171 2236 25
173 4416 20
174 175 15
174 2133 89
174 2140 10
178 2936 77
182 1719 51
183 860 76
183 3202 101
188 3795 88
189 190 23
191 3420 10
196 197 99
199 198 95
201 12 85
201 4252 38
203 2016 18
206 2140 76
206 4626 34
207 3962 107
208 3736 44
210 1941 22
210 2389 76
210 4266 50
211 2697 87
212 3782 101
214 4532 47
216 217 49
219 3790 22
222 2141 109
226 4077 60
230 3321 94
231 1527 98
234 2467 107
239 240 46
241 242 34
241 3163 87
242 4861 90
245 2761 102
246 247 87
251 4958 55
254 4940 45
255 254 103
256 771 70
257 4131 58
263 2836 39
265 266 89
267 1656 58
268 1508 13
269 4900 41
270 1887 105
270 2907 70
271 270 79
272 3254 39
276 4701 22
278 277 54
280 945 105
280 1407 31
281 2776 108
282 3081 33
284 2571 77
287 736 59
288 1907 61
288 4142 23
289 2075 53
290 4880 10
294 3669 16
297 298 12
297 2896 48
303 4463 43
306 1621 81
307 306 106
308 307 63
308 4806 67
309 308 79
310 4712 90
312 311 16
314 3987 97
315 1648 60
315 4788 106
316 2649 66
318 317 44
319 318 104
319 4326 19
320 1951 93
323 324 12
323 2816 12
324 152 59
325 326 13
326 4244 100
327 326 103
328 3274 57
329 328 90
333 332 68
335 3112 66
337 2717 20
339 4520 13
342 4714 66
344 3865 43
346 2280 57
348 487 47
351 3659 106
352 1201 109
353 354 40
354 4833 14
355 2209 27
358 3258 65
362 1562 30
366 835 56
370 2636 53
370 4820 74
373 374 63
373 1606 71
373 2908 69
375 1578 64
375 2909 34
375 3570 85
376 375 52
377 378 18
381 382 74
383 817 55
387 2961 13
387 4476 68
389 388 75
390 391 18
390 4152 27
391 2201 70
392 393 25
393 2789 43
396 1189 55
396 4808 33
397 396 73
397 4347 87
399 2121 70
400 229 23
400 2012 68
403 98 34
405 2554 98
409 410 81
409 4479 74
411 4507 62
412 3475 102
414 2575 31
414 4966 32
415 2146 69
415 2559 67
416 398 98
419 418 54
420 4829 21
421 187 24
421 4589 15
427 102 61
427 426 30
429 44 37
433 1069 26
437 4853 71
439 4672 80
440 655 29
441 1690 74
441 4349 64
442 912 89
447 732 44
449 1293 11
449 2093 90
454 1719 72
455 4121 29
457 3922 99
459 660 86
459 2808 60
461 115 91
464 3544 71
469 1249 76
470 3892 50
472 473 56
474 1027 109
476 2220 27
477 1655 97
478 4417 95
480 1939 102
483 482 89
488 3111 98
489 443 35
490 542 106
490 2806 56
491 1268 69
492 913 101
494 3108 85
495 479 82
495 2142 98
499 77 74
499 2991 17
502 2915 85
503 3684 73
504 1197 74
504 2519 14
504 3815 43
505 732 79
505 1235 82
505 2912 98
505 3909 65
509 1381 60
510 4650 101
512 2146 83
512 3251 80
518 517 27
519 2408 28
519 4931 86
521 2079 46
522 523 22
522 3387 80
523 2081 29
525 1693 26
528 2136 95
532 583 29
534 742 70
537 3720 36
538 3366 52
539 538 46
542 1226 43
544 227 79
544 645 76
544 2458 11
547 4231 48
548 4528 46
550 3592 59
550 4937 88
555 556 12
560 191 45
560 3941 10
562 4209 68
565 88 52
568 1603 104
568 3582 30
569 568 48
572 2101 73
573 2815 56
575 574 53
580 581 106
582 1977 104
582 4786 37
584 1086 87
586 1695 98
588 147 87
590 4596 25
592 4037 98
595 4389 38
600 542 98
606 646 82
606 3928 35
609 741 30
611 2673 54
612 2878 45
613 2826 71
614 615 23
614 699 31
618 1648 36
620 3865 101
625 4458 91
628 2928 87
629 4208 99
631 1563 86
638 2363 41
639 461 15
639 640 48
642 1286 36
647 1363 97
652 2660 89
652 3949 83
655 656 39
659 506 71
660 661 82
662 3493 66
664 2717 69
664 2832 68
666 1652 61
669 3742 88
671 1810 91
671 3503 49
672 3422 96
674 3250 47
677 4926 91
680 2356 63
681 144 109
685 1798 24
686 685 20
687 1313 25
687 4036 14
696 3797 36
697 3032 68
699 3601 71
700 1022 101
701 4711 22
702 4752 45
707 309 86
707 706 38
707 3153 104
711 3819 90
714 4264 66
718 4552 66
725 726 96
729 1051 45
729 4008 52
734 4139 109
737 3967 63
738 737 30
740 739 90
742 2147 108
745 519 79
745 3192 91
746 4385 19
747 1749 13
747 1907 99
748 190 85
748 3130 63
750 1486 11
751 938 31
752 250 25
752 3668 66
754 3245 66
757 4020 45
758 759 38
758 2793 25
758 3250 23
759 1713 78
759 2713 23
761 2574 33
764 4386 19
767 2453 106
770 2115 71
771 3823 10
771 4459 16
773 281 98
774 4177 61
777 2465 56
781 2145 34
784 785 54
785 2369 62
790 677 97
791 790 89
791 4107 22
792 4773 101
793 3579 61
794 3970 50
795 3521 15
796 4460 51
803 1777 62
804 1464 57
804 1606 93
806 639 16
806 4745 76
810 811 32
813 1907 15
816 205 58
816 815 88
816 817 102
817 2194 24
819 820 100
823 1823 31
825 753 100
825 826 36
825 3167 46
829 4667 107
830 4393 55
837 743 19
837 1204 57
837 2277 82
839 907 68
842 3560 81
843 3253 33
845 846 13
848 210 75
849 848 17
850 1439 101
851 850 23
852 2187 81
852 4908 57
853 1123 104
855 854 38
855 3511 73
855 4889 67
856 168 17
856 4068 107
857 858 62
857 3243 105
859 954 102
859 1394 62
859 4485 67
862 1507 60
864 74 38
864 1135 10
866 786 40
867 2125 79
868 543 31
868 869 89
868 2658 104
874 3861 83
876 875 20
877 960 81
879 210 19
880 1152 78
880 2516 76
881 4484 30
882 4793 63
884 149 15
884 378 39
885 4167 55
891 1001 53
891 3807 50
893 3693 77
893 4558 74
894 216 90
895 896 38
896 7 14
897 3436 44
899 900 51
899 3051 22
900 1028 22
902 1933 39
903 902 20
903 1325 42
904 905 59
905 1274 96
906 3369 50
910 2969 103
910 4993 96
912 435 105
913 914 84
915 366 78
915 3206 24
916 3802 101
918 4250 58
920 390 60
920 3170 51
920 3510 83
922 3010 28
922 3868 24
929 2201 21
929 2285 25
935 501 64
936 2539 17
937 913 54
937 938 59
938 4435 18
940 1967 99
941 3658 47
943 2838 101
944 2326 11
944 3338 43
947 1367 95
949 950 77
949 3960 84
950 2452 36
951 655 50
951 3163 101
952 661 35
954 955 58
956 4417 12
960 1952 67
960 3219 56
960 4105 17
962 963 14
964 965 75
965 4514 101
968 2554 80
973 972 71
973 4497 35
974 1673 59
975 1421 20
976 784 31
976 2535 22
977 314 38
977 978 86
977 1419 57
980 1842 16
982 2299 28
982 3364 12
982 3573 60
983 40 76
983 158 50
983 2696 90
985 4621 39
986 987 74
986 1645 63
992 150 24
998 3543 17
998 4458 108
998 4652 51
1000 4800 34
1001 3819 105
1002 3273 15
1003 1506 38
1003 3260 24
1006 3464 96
1006 4601 17
1010 2525 12
1013 936 53
1014 1607 62
1014 2409 11
1024 1025 34
1024 4658 75
1026 423 44
1027 2055 63
1029 2919 99
1030 1093 51
1036 1259 92
1041 1042 72
1048 3987 81
1050 4747 48
1051 795 21
1055 1054 94
1058 1605 59
1059 1060 46
1059 2924 43
1060 1061 92
1061 1152 34
1061 2400 70
1064 2538 52
1064 3700 55
1065 2497 12
1066 1425 25
1067 3093 94
1067 3486 94
1068 4043 31
1070 3324 99
1071 3290 39
1072 2061 100
1073 1072 52
1073 4727 16
1074 1075 108
1074 2077 86
1076 1590 57
1076 2308 11
1077 3003 97
1079 2982 72
1079 4397 52
1082 4480 99
1083 2233 51
1084 1083 105
1086 3447 30
1087 3475 41
1089 1090 91
1089 2253 73
1089 4712 48
1090 2204 47
1091 794 74
1092 884 14
1092 1705 18
1093 1092 91
1093 4843 29
1094 1093 67
1096 332 38
1099 3169 19
1101 2758 78
1103 2104 42
1104 306 73
1104 1744 67
1110 248 83
1110 2308 41
1112 1113 23
1113 4866 35
1114 2086 107
1115 110 28
1117 1118 22
1118 2827 73
1119 3713 32
1120 2595 31
1121 425 92
1122 1123 71
1126 2950 41
1126 4377 97
1128 1127 107
1128 3155 72
1128 4045 94
1130 4719 104
1131 549 82
1132 4231 13
1135 2561 17
1136 509 70
1137 1163 84
1142 1141 61
1145 4596 93
1145 4919 32
1149 2108 28
1151 2073 92
1151 4688 84
1153 1354 67
1155 3161 42
1160 54 78
1163 202 74
1165 2882 24
1167 952 80
1167 1168 100
1168 84 46
1169 3927 44
1170 1203 29
1171 3627 24
1171 4761 56
1177 3112 57
1177 4372 70
1179 4343 95
1180 1007 59
1182 1181 24
1187 1072 92
1187 3005 25
1188 2626 107
1188 2858 89
1192 1610 56
1194 2418 17
1195 1194 17
1199 140 80
1199 1200 92
1200 509 98
1200 1751 92
1201 3617 66
1202 1201 66
1203 1204 33
1208 3447 45
1211 224 36
1214 196 104
1214 678 42
1215 4267 109
1217 1218 51
1218 803 86
1218 4224 34
1219 513 60
1219 1218 32
1220 1287 89
1221 1456 96
1221 4890 11
1223 638 77
1224 573 65
1224 1925 91
1224 3622 76
1225 3394 62
1226 1227 15
1227 1072 43
1232 2754 79
1233 2117 57
1234 3200 15
1235 3819 19
1235 3844 51
1236 1143 85
1238 2660 98
1239 4798 100
1240 946 50
1241 1276 68
1243 3336 49
1243 4521 63
1244 176 105
1244 3294 50
1246 3642 76
1248 1247 90
1249 3294 101
1251 1266 97
1251 4573 63
1256 1330 94
1260 2175 32
1261 345 108
1263 2436 17
1265 3676 44
1267 3691 44
1268 2731 23
1271 1272 18
1272 1029 64
1273 1272 33
1273 2431 77
1273 3226 28
1274 3270 30
1274 3968 14
1278 1656 103
1280 1281 15
1280 1774 89
1282 2433 39
1283 2587 28
1283 3892 11
1287 1736 90
1289 3987 74
1292 4643 91
1293 1840 75
1295 18 72
1297 1296 73
1298 2311 78
1300 1299 42
1301 3322 79
1304 221 72
1304 664 12
1304 1710 59
1306 1480 14
1307 1506 107
1307 3052 91
1308 692 36
1308 1307 74
1314 1313 87
1315 4258 93
1316 1317 12
1317 1167 88
1317 1316 24
1318 1317 48
1319 41 11
1324 527 57
1325 3540 53
1326 3386 45
1328 552 64
1329 3148 21
1332 2308 47
1333 4679 54
1338 2326 105
1338 2557 107
1339 1465 101
1342 4510 42
1343 1344 84
1345 4491 74
1350 377 68
1354 1353 32
1360 612 43
1363 4023 25
1364 1363 55
1366 1367 77
1367 615 61
1368 861 36
1368 956 100
1368 3327 107
1374 1244 52
1374 2160 90
1376 1375 26
1378 1377 80
1379 2475 29
1379 4037 74
1381 369 94
1383 502 17
1383 1382 35
1383 2589 36
1384 4044 42
1391 4256 50
1397 1396 75
1398 2065 60
1399 743 73
1399 1872 16
1403 2388 41
1404 1833 44
1404 2605 16
1404 3008 14
1407 3101 57
1408 4077 73
1411 2236 71
1413 3553 43
1413 4857 22
1414 199 10
1417 2711 60
1419 1418 74
1423 1422 70
1426 686 15
1428 2171 54
1429 4617 80
1430 1429 72
1430 3699 101
1432 1327 32
1436 1991 30
1437 1228 69
1437 1456 53
1437 3378 98
1440 1441 44
1443 1444 82
1444 1793 88
1446 980 92
1446 1339 28
1447 1783 37
1448 578 39
1448 1449 87
1449 4531 96
1450 1368 39
1451 899 16
1453 1887 49
1453 1966 44
1459 859 39
1461 2623 34
1465 1466 25
1469 3092 22
1471 1470 29
1472 713 20
1477 4068 61
1478 822 13
1480 3783 33
1482 4676 48
1483 1484 67
1489 1488 44
1489 4854 95
1490 647 11
1493 3550 20
1495 1989 107
1495 4673 86
1496 461 52
1496 4975 64
1499 2630 34
1502 1498 92
1504 3088 98
1505 1653 15
1506 1846 92
1508 2006 68
1508 2407 12
1508 4696 78
1510 965 89
1512 1513 47
1513 1212 17
1516 2654 39
1516 2762 84
1520 4601 12
1521 3291 61
1522 3610 25
1523 2995 41
1524 866 77
1524 4914 107
1525 3389 37
1527 2908 47
1527 3208 105
1532 442 58
1532 2052 79
1532 4457 24
1534 3732 25
1535 1534 98
1541 4303 98
1544 1173 77
1544 4737 10
1545 1546 96
1548 2641 13
1549 1550 20
1552 675 25
1556 4863 32
1558 358 21
1558 2511 27
1559 3972 27
1559 4772 29
1560 1561 51
1562 1563 97
1564 1565 49
1566 4470 63
1567 3554 58
1569 276 63
1572 3571 106
1573 1853 68
1577 3124 53
1580 306 68
1582 4667 79
1582 4715 46
1586 1334 62
1587 447 84
1587 4560 24
1587 4879 13
1590 1591 44
1592 1591 86
1592 2616 105
1593 3793 88
1597 981 12
1598 893 60
1599 736 43
1600 1601 107
1602 1331 17
1603 1604 68
1603 1686 85
1603 2780 19
1606 80 75
1606 4139 93
1606 4814 95
1608 4209 28
1611 2280 14
1614 2424 106
1615 2328 100
1619 2121 89
1623 3969 52
1625 1988 26
1627 2128 92
1628 668 19
1628 4670 22
1631 1630 60
1632 524 70
1633 1101 60
1635 3577 97
1638 3409 70
1639 2182 90
1642 781 94
1643 1642 96
1644 4469 99
1646 3645 34
1648 1647 92
1651 4545 40
1654 1349 63
1656 3276 26
1658 3233 99
1660 1661 48
1664 1019 83
1664 3560 13
1667 3132 37
1668 1581 81
1668 4165 67
1670 4719 52
1672 3107 25
1673 4287 43
1675 4465 47
1677 1676 106
1678 2901 38
1678 4846 31
1679 2 87
1679 35 61
1679 4014 85
1681 4162 17
1681 4946 77
1682 1681 77
1682 4344 43
1686 1713 32
1688 1854 86
1688 2422 30
1693 1603 92
1693 1704 40
1694 2503 37
1695 418 88
1697 184 69
1697 3806 85
1699 1553 104
1701 1700 48
1703 1704 35
1707 1830 70
1710 1711 11
1710 2293 28
1711 2840 59
1712 229 82
1712 1711 95
1713 17 102
1713 3897 17
1714 1713 94
1716 1361 104
1716 1717 11
1716 1996 47
1717 3845 18
1719 1760 89
1719 4278 18
1720 556 78
1720 3240 12
1722 912 21
1722 2987 33
1726 1727 56
1732 3032 65
1733 1530 60
1735 4798 29
1736 1735 83
1737 4898 90
1738 1737 41
1746 1747 33
1746 3158 19
1746 3980 81
1747 156 88
1747 3936 101
1748 3172 108
1749 4566 29
1750 3674 33
1751 1239 68
1752 922 70
1752 3965 79
1754 3289 82
1755 861 107
1755 1756 37
1755 3323 102
1757 1354 82
1757 3526 11
1759 2811 81
1761 3351 102
1762 1778 64
1763 4367 74
1765 4529 53
1765 4996 80
1769 1768 60
1770 675 51
1771 664 33
1775 2289 16
1777 1776 46
1777 1905 47
1777 4151 89
1781 4285 45
1782 881 11
1783 4789 54
1784 3013 21
1789 2373 11
1789 2813 53
1791 4331 59
1796 972 37
1799 3522 26
1799 3564 20
1800 1799 55
1801 1800 10
1808 3251 47
1809 4596 73
1811 1987 102
1811 4698 44
1814 4012 29
1815 1841 86
1815 2021 107
1815 2512 93
1815 3342 18
1817 4395 40
1820 820 89
1821 4994 95
1822 94 74
1823 2848 41
1824 3011 38
1829 896 82
1830 2626 36
1831 4302 56
1835 1836 11
1836 1835 84
1838 1837 89
1840 3069 84
1844 3190 14
1844 3194 13
1844 3597 50
1851 1020 85
1852 1038 45
1852 2743 26
1858 4082 49
1858 4307 107
1859 1858 57
1862 670 100
1863 1084 97
1864 975 20
1864 3384 30
1864 4710 50
1873 1874 68
1874 1668 53
1874 4758 81
1878 1879 54
1882 423 63
1883 1258 99
1884 428 22
1887 3435 44
1889 4712 12
1890 1891 37
1891 164 87
1891 4158 35
1891 4932 108
1896 976 21
1900 4874 95
1902 1901 20
1903 1371 87
1903 1646 22
1906 1907 30
1907 1784 34
1909 295 89
1909 1571 67
1911 1912 60
1912 2089 37
1913 2577 14
1913 4934 64
1914 2182 95
1921 1920 66
1921 4275 43
1922 1588 61
1923 1832 66
1923 2583 67
1927 622 73
1928 1929 24
1928 1989 82
1928 4772 109
1928 4787 25
1929 1535 37
1930 3957 105
1931 1930 71
1936 4795 71
1941 3365 64
1943 2117 11
1943 3692 89
1944 620 77
1946 2644 104
1949 3570 22
1949 3731 64
1950 2250 101
1950 4471 30
1951 354 107
1951 1636 28
1953 1948 16
1954 871 109
1954 4789 17
1956 1957 105
1956 2485 62
1959 1649 100
1960 303 10
1960 709 26
1960 1961 27
1961 760 20
1964 278 61
1964 3290 43
1968 1969 13
1970 123 50
1971 60 94
1972 3053 68
1976 1977 106
1980 3313 36
1981 1980 50
1988 4953 105
1990 4429 32
1992 3925 21
1993 2347 19
1993 3972 11
1995 3507 108
1997 738 109
2001 1230 17
2004 1770 86
2009 1166 11
2012 2200 55
2013 655 14
2016 1642 99
2016 4921 109
2017 3779 78
2019 3449 71
2020 552 21
2020 3511 84
2021 2770 31
2024 1669 85
2024 2025 87
2025 3861 39
2025 4104 25
2025 4773 27
2026 1444 83
2026 1479 72
2026 2025 69
2027 945 48
2027 3833 90
2028 51 12
2028 1760 96
2031 2635 62
2034 3472 66
2035 4545 64
2038 857 38
2038 1206 11
2039 13 33
2039 4344 47
2041 1297 100
2042 1009 32
2042 3534 73
2045 883 104
2051 2050 34
2051 2991 94
2054 1133 37
2056 181 56
2057 1838 91
2057 2859 12
2058 2368 40
2060 3040 18
2060 3186 51
2061 2062 26
2061 2421 58
2064 1684 47
2064 3909 96
2065 425 87
2066 2364 72
2067 2042 51
2069 4493 62
2070 4520 72
2070 4843 49
2076 2059 24
2078 2077 12
2080 2079 48
2082 3523 26
2084 2562 56
2086 792 103
2088 2087 69
2088 2089 98
2090 1520 58
2096 991 22
2098 3641 101
2100 1109 104
2106 647 67
2106 1700 58
2107 2615 52
2111 1145 62
2111 2110 106
2111 4040 99
2116 2719 25
2119 2120 67
2121 798 68
2123 2288 37
2123 3051 56
2124 1253 91
2125 2126 84
2130 351 63
2133 1484 38
2135 1370 56
2135 1524 103
2137 2138 42
2141 1581 109
2141 2140 59
2143 947 101
2145 2036 57
2145 2760 20
2146 358 34
2146 936 27
2148 2651 64
2148 4608 82
2155 690 15
2156 3965 96
2157 4450 34
2167 1953 39
2167 3063 83
2170 2130 28
2174 2984 35
2174 3204 10
2175 399 54
2180 348 37
2180 1136 10
2181 2182 80
2187 3520 61
2191 2192 61
2192 3121 106
2193 2627 67
2196 1867 68
2196 2957 42
2198 1970 30
2199 1568 100
2201 1202 107
2203 3178 41
2205 3415 69
2206 2889 93
2206 4972 57
2208 769 96
2210 3278 11
2212 4296 35
2219 2218 57
2219 3571 11
2220 2221 83
2223 3403 80
2224 301 38
2225 1126 59
2227 2226 33
2228 3031 90
2229 1291 62
2229 2228 10
2229 4549 86
2230 673 25
2233 24 78
2234 1205 29
2234 1889 59
2234 2244 31
2236 4953 72
2237 4308 80
2238 22 83
2238 4165 89
2239 49 21
2239 1646 32
2241 3483 97
2243 3774 43
2246 1087 20
2249 3018 10
2251 2252 88
2252 3912 96
2252 4818 29
2254 3397 21
2255 2256 22
2255 2790 49
2255 4627 45
2259 3743 82
2263 1480 55
2266 2267 21
2270 1947 35
2274 1681 12
2277 4340 57
2281 516 101
2281 1560 16
2284 4306 28
2286 2285 63
2290 3070 97
2292 856 18
2292 1904 57
2300 85 95
2301 1191 71
2301 2302 81
2304 2303 26
2307 3384 23
2308 3436 53
2313 840 107
2314 3816 71
2315 4215 67
2316 2315 50
2319 3282 107
2320 1352 86
2324 1519 65
2325 2700 67
2325 4646 79
2328 2329 94
2329 3256 61
2330 307 51
2330 2331 39
2333 1232 71
2335 1356 109
2335 4171 22
2337 3198 61
2339 2729 52
2342 953 109
2343 3012 107
2351 1408 73
2357 2949 36
2358 4655 11
2363 2362 32
2363 3845 16
2368 2367 42
2370 2369 43
2371 4069 32
2371 4351 73
2372 726 71
2373 596 32
2375 4151 81
2376 59 80
2376 4090 18
2378 2379 32
2378 4749 40
2379 4715 13
2380 4480 22
2380 4690 98
2383 1359 38
2383 2296 95
2383 2448 23
2384 3066 31
2385 4191 30
2386 2148 106
2389 2390 25
2395 476 89
2398 204 64
2398 2268 43
2398 2399 88
2399 3097 79
2403 887 66
2405 8 89
2409 4489 90
2412 4800 57
2414 2413 25
2415 1122 107
2415 2414 14
2416 2417 31
2416 4887 98
2417 2006 75
2419 2420 55
2431 141 66
2433 4080 12
2435 2434 75
2436 90 19
2440 1220 65
2443 2442 10
2444 2914 48
2445 1193 67
2445 4776 69
2447 1351 99
2447 2446 86
2447 4284 24
2449 1833 87
2449 3239 28
2451 276 90
2451 4889 109
2453 1800 83
2456 2371 60
2456 4655 83
2457 2209 109
2460 4522 24
2465 3914 15
2467 2912 70
2468 1474 99
2473 1706 29
2473 2474 94
2474 4645 28
2475 1940 44
2478 939 37
2478 2477 100
2486 352 10
2487 675 100
2487 2488 38
2491 3607 52
2492 2493 66
2497 4230 46
2498 2033 15
2498 4023 71
2499 123 49
2499 1069 30
2501 992 12
2501 2895 75
2501 4947 79
2503 4104 10
2504 3704 89
2506 2064 51
2510 2246 89
2511 3472 76
2512 4146 94
2515 4583 19
2517 654 41
2521 3259 58
2522 572 19
2525 2175 41
2525 2526 104
2526 1528 109
2527 2596 32
2529 2530 31
2533 3895 95
2536 317 24
2536 371 95
2548 4125 31
2550 2549 58
2550 2955 68
2550 3053 62
2556 3260 49
2557 2380 16
2557 2556 40
2558 1387 105
2559 3595 88
2563 4272 109
2572 2191 94
2572 2571 71
2574 1903 102
2576 78 42
2576 2575 103
2578 4821 42
2579 2681 93
2580 486 61
2580 1798 39
2582 10 18
2582 2583 66
2584 2585 103
2586 2926 11
2587 2586 29
2587 3010 109
2588 3799 83
2592 1694 29
2594 4844 23
2595 3271 37
2598 2536 90
2599 1920 43
2599 2600 72
2599 4366 88
2601 3743 25
2601 4807 95
2601 4814 62
2602 398 103
2606 2355 97
2608 1757 53
2610 2609 20
2611 3265 42
2613 2612 25
2616 849 14
2618 29 22
2618 1217 64
2619 3771 16
2622 2429 59
2624 2625 91
2627 2626 11
2629 1291 37
2630 2911 31
2631 1860 57
2631 2630 35
2636 2637 25
2638 915 107
2638 3666 56
2642 2766 43
2645 2904 71
2648 2647 67
2650 2649 97
2651 541 43
2651 3240 34
2653 1 100
2655 715 68
2655 4569 51
2657 3499 23
2659 2038 89
2659 2451 100
2661 2660 19
2663 3224 12
2667 3116 66
2669 681 74
2669 2670 18
2671 4883 24
2673 821 39
2675 268 98
2677 2051 33
2677 3224 81
2677 4001 26
2677 4085 45
2688 2689 66
2691 2290 31
2692 2691 89
2694 2259 80
2694 3557 27
2698 174 62
2698 3148 66
2704 3697 36
2705 2704 93
2707 728 14
2710 1160 86
2710 2625 10
2710 2968 39
2711 646 45
2713 4590 24
2715 1318 45
2715 4295 11
2716 2717 27
2720 2719 104
2720 2721 109
2725 2724 34
2725 3306 94
2728 1107 20
2729 2728 35
2729 3214 35
2731 924 29
2733 4427 35
2735 4484 36
2741 2740 48
2741 4370 21
2745 3865 71
2746 528 31
2748 1642 24
2748 2703 70
2749 345 47
2749 3303 26
2752 4143 77
2754 4458 31
2757 4206 87
2758 2094 49
2762 3390 68
2768 3382 49
2769 3014 15
2770 3358 32
2770 3986 25
2774 3186 71
2775 4654 28
2776 2919 18
2776 3786 80
2777 1806 65
2778 255 59
2781 371 97
2783 646 58
2784 1424 22
2785 571 102
2786 2015 78
2791 2792 11
2791 4710 70
2792 1152 42
2792 2141 84
2794 473 65
2794 923 10
2795 2007 61
2796 3365 31
2801 1128 28
2802 3045 87
2803 2804 38
2804 2408 14
2805 239 59
2806 2612 85
2808 579 49
2810 2809 88
2810 3106 33
2811 715 28
2812 1559 86
2817 2060 75
2817 2818 89
2819 716 53
2819 2057 42
2819 2818 105
2819 3456 44
2819 3651 92
2819 4430 55
2824 835 67
2825 1421 99
2825 1557 94
2826 1996 34
2827 2942 96
2828 323 54
2829 2830 48
2830 4248 29
2830 4799 75
2831 2166 26
2833 4930 51
2837 2836 56
2838 653 58
2838 1326 24
2838 2953 79
2838 3083 103
2840 2361 13
2843 136 24
2843 2081 91
2844 4332 65
2847 1734 80
2848 680 77
2850 2851 95
2851 1706 18
2851 3584 62
2852 4334 23
2857 2089 59
2861 1164 50
2861 2001 17
2862 2863 89
2863 2862 47
2864 1274 108
2865 1945 79
2866 4060 40
2867 2796 16
2868 1092 68
2868 1645 27
2868 1968 83
2870 597 66
2870 4983 87
2872 2055 32
2880 2879 69
2882 3595 109
2883 2959 11
2884 2633 41
2885 2886 86
2888 663 63
2888 2693 53
2888 4100 92
2888 4630 28
2890 2106 43
2890 2891 78
2890 4472 29
2896 4227 88
2897 4103 80
2898 230 23
2899 2898 78
2901 725 79
2903 2167 96
2904 4594 62
2905 2904 68
2905 4398 41
2906 1812 108
2910 1871 109
2910 1889 23
2913 912 22
2914 4433 21
2916 2915 81
2917 4285 46
2918 2919 35
2918 4161 46
2920 1755 61
2920 4743 59
2929 2930 25
2930 2929 88
2931 4654 79
2936 2935 67
2936 4638 35
2940 3683 34
2941 615 50
2941 3922 37
2942 4057 94
2946 3395 14
2948 4669 52
2950 3414 71
2952 3946 101
2953 4618 44
2954 2953 38
2954 2955 47
2957 4695 20
2958 4052 61
2960 3605 52
2966 2855 109
2967 2234 28
2968 3888 65
2973 281 88
2973 1247 109
2975 2974 95
2978 221 55
2980 1883 83
2982 2068 35
2982 2643 26
2982 2981 107
2982 3655 97
2983 2984 64
2984 2983 78
2985 1632 33
2985 4120 39
2985 4371 43
2988 2989 98
2988 3040 54
2989 2644 12
2990 2587 82
2992 2802 75
2993 3739 75
2994 2995 42
2995 2625 18
2995 3851 15
2996 3573 76
2999 1540 106
2999 3376 55
3003 532 26
3003 3476 62
3007 2024 22
3007 3008 83
3007 4910 33
3008 4055 10
3009 161 68
3009 3010 99
3010 1480 90
3010 3009 35
3012 4123 42
3015 3016 75
3016 2193 71
3016 3316 49
3018 4057 78
3021 357 92
3022 3023 59
3024 3025 40
3027 1833 43
3033 3151 96
3034 2132 85
3038 373 96
3042 2305 43
3044 2244 101
3053 826 84
3053 1847 12
3057 3015 11
3059 2158 96
3060 4133 74
3064 2642 61
3064 4966 46
3065 3064 18
3066 4033 21
3067 3066 57
3068 2543 51
3068 3067 104
3068 4066 82
3071 3762 109
3072 389 86
3072 3073 85
3074 1162 52
3075 4114 18
3076 3075 58
3078 3079 51
3083 3082 94
3085 3084 36
3092 3093 35
3093 1213 47
3093 3703 21
3096 2625 27
3099 4618 55
3100 2735 99
3102 1947 54
3103 3104 58
3104 2425 37
3105 3106 22
3109 1968 80
3110 1448 45
3113 740 90
3113 2219 56
3113 4697 63
3114 2396 66
3115 2874 45
3116 3117 68
3117 2233 64
3119 1084 29
3123 533 10
3124 3571 96
3126 4605 104
3127 3694 67
3128 3127 72
3130 923 22
3132 384 83
3132 3133 21
3137 4439 85
3138 3139 20
3141 84 63
3141 339 19
3149 717 48
3149 3967 107
3149 4370 53
3150 1323 81
3152 539 33
3152 1075 30
3152 3754 52
3156 3155 72
3157 922 52
3164 381 11
3166 3962 102
3166 4970 19
3167 2268 38
3169 1554 82
3170 1647 11
3172 3173 75
3173 3057 61
3173 3172 97
3173 4556 40
3174 239 98
3174 2639 50
3174 3173 79
3176 3177 77
3178 4677 84
3179 3178 80
3180 4959 17
3185 3184 88
3186 3166 99
3186 3187 65
3188 3627 56
3189 1420 88
3194 3502 39
3195 3314 74
3196 1603 54
3197 3292 102
3197 4060 57
3199 1625 93
3200 4943 87
3201 4418 62
3204 3205 72
3212 2434 57
3213 2616 89
3215 2127 86
3216 1883 86
3219 1980 95
3220 4268 107
3227 3228 20
3227 4039 65
3229 3228 58
3229 4819 27
3232 1193 102
3236 1 93
3237 1014 97
3240 3846 23
3241 2785 47
3246 1919 92
3252 1166 84
3253 1470 78
3253 4342 44
3254 789 64
3254 1154 13
3254 2389 63
3255 947 17
3255 3256 89
3257 3631 80
3260 3852 44
3262 630 109
3262 1425 48
3262 2925 105
3262 3316 83
3264 2195 57
3265 1857 96
3266 1397 71
3267 1521 10
3267 3266 10
3268 4032 92
3269 1 68
3269 3270 25
3270 803 109
3272 96 104
3272 3710 30
3272 4600 58
3274 1758 78
3274 3197 81
3275 3648 91
3277 922 70
3277 1326 38
3278 1269 100
3283 382 50
3284 2635 106
3285 4709 33
3286 2787 71
3294 3295 29
3294 4701 30
3295 3296 90
3298 2458 89
3299 824 56
3300 3656 106
3300 4963 67
3303 2429 38
3305 3306 40
3308 1175 39
3312 4311 72
3312 4352 56
3312 4375 75
3315 305 43
3316 2850 98
3316 4858 33
3319 4447 81
3320 4493 102
3321 3320 50
3321 3853 90
3324 2957 40
3325 3166 92
3326 3551 74
3327 2825 99
3329 14 43
3329 1832 64
3331 252 54
3335 604 14
3336 3337 39
3337 852 60
3337 3338 81
3337 4219 71
3338 2968 40
3340 3479 103
3341 3342 105
3343 418 83
3344 4523 86
3346 1481 14
3347 893 103
3347 3348 43
3348 945 30
3349 1973 43
3349 2630 105
3351 1415 47
3351 3165 35
3352 4982 33
3353 2899 33
3354 2233 14
3355 3354 26
3357 3369 19
3358 3019 28
3362 3363 69
3362 4647 87
3363 970 91
3365 3364 17
3366 3746 61
3367 2236 27
3369 332 90
3370 858 22
3371 2812 23
3372 3373 76
3373 1155 92
3374 1733 105
3374 4462 96
3379 3380 18
3380 2351 38
3380 3965 31
3382 407 98
3383 3384 81
3385 3655 43
3386 2689 23
3386 3387 97
3386 4899 45
3388 4316 26
3390 2563 67
3393 1342 27
3394 3150 45
3396 890 16
3396 1141 93
3400 281 15
3401 918 65
3403 1807 59
3403 3402 31
3405 2407 100
3405 3750 93
3407 3267 12
3407 4537 33
3408 2091 73
3410 3409 37
3412 197 17
3412 3413 90
3414 4390 92
3415 2641 29
3417 3416 41
3418 2175 77
3418 2692 85
3420 3004 31
3425 3654 108
3427 4449 60
3428 3427 108
3431 17 108
3431 1867 98
3431 2660 13
3431 3432 86
3433 1893 27
3433 3226 74
3434 467 61
3434 2409 16
3436 2852 60
3437 3436 47
3437 3438 16
3438 4371 77
3440 3920 15
3447 4233 69
3448 1547 107
3448 2556 103
3450 3006 58
3450 3245 88
3450 4292 39
3451 3452 75
3452 894 19
3453 3454 28
3454 1819 42
3455 580 71
3455 908 40
3455 966 55
3456 3840 19
3456 4532 21
3458 2304 69
3461 3460 37
3463 172 103
3463 1807 78
3463 3464 80
3466 4820 10
3468 938 12
3469 3470 86
3471 1193 38
3471 3472 93
3471 4984 42
3472 1142 67
3472 2847 14
3472 3471 47
3473 75 42
3475 2101 71
3478 4824 13
3479 3121 90
3479 4230 86
3482 1330 32
3485 1765 29
3485 2370 32
3486 4371 14
3487 3486 54
3488 856 49
3492 3125 23
3494 1156 54
3497 190 18
3497 3336 74
3498 20 99
3499 3990 12
3507 1598 75
3509 3508 101
3511 201 90
3517 1864 65
3519 65 65
3520 705 82
3520 3461 34
3522 1972 94
3522 3523 12
3524 3810 35
3527 39 54
3528 3527 45
3528 3544 44
3531 3684 39
3532 2818 47
3532 4259 101
3534 3012 109
3540 4379 84
3541 440 13
3544 2465 83
3544 4570 53
3548 3549 38
3551 4613 46
3555 4873 45
3560 3561 104
3561 3730 17
3563 1849 55
3563 4101 105
3564 3565 62
3564 4832 36
3565 891 96
3565 4536 56
3566 1813 45
3566 3567 43
3570 3295 72
3574 116 14
3575 1567 98
3575 4118 71
3575 4534 96
3577 2158 27
3578 3579 10
3587 1696 74
3589 4700 33
3591 2086 57
3594 3895 84
3600 2752 69
3602 2484 104
3603 2211 79
3603 3377 73
3604 3097 44
3605 3606 57
3605 4260 30
3607 11 64
3612 1307 62
3613 3612 76
3616 1920 43
3619 3415 96
3619 3618 10
3620 4864 31
3621 958 57
3622 179 60
3622 3243 27
3627 3939 72
3628 1984 79
3629 3395 82
3631 4262 36
3633 3634 66
3634 4177 83
3635 181 16
3635 4983 19
3636 2044 18
3637 3636 13
3641 3377 16
3641 3642 100
3645 3644 49
3645 4403 59
3646 968 100
3646 3947 34
3648 1312 96
3649 1800 27
3651 1661 40
3651 4167 34
3653 1389 49
3654 24 89
3654 3655 87
3656 4332 84
3659 2286 18
3659 3658 72
3660 1390 91
3660 2180 103
3660 4690 58
3662 4966 24
3664 1354 16
3669 1107 40
3671 2714 106
3671 4583 70
3673 3672 75
3678 729 69
3678 3332 100
3680 3681 74
3682 2372 47
3683 3546 20
3686 2121 84
3686 3685 50
3687 2658 98
3689 4156 57
3690 3702 79
3691 1208 20
3692 3693 103
3694 3175 92
3696 4226 51
3697 280 33
3700 3701 31
3701 3219 37
3702 2187 13
3706 1273 73
3707 176 14
3710 2304 14
3711 2163 97
3712 2800 78
3713 3714 51
3716 4285 47
3718 680 48
3720 3968 62
3720 4196 104
3722 1490 96
3722 2708 98
3722 3721 61
3723 1627 15
3726 434 26
3731 1611 74
3731 4946 58
3734 4802 75
3735 3736 54
3735 4635 27
3736 2663 18
3736 2839 70
3739 2707 73
3743 3742 83
3744 2655 83
3745 1680 67
3745 3744 26
3747 272 101
3747 899 34
3750 1985 45
3750 3884 27
3753 1458 16
3753 4577 65
3756 658 23
3756 2253 46
3756 3248 10
3756 3757 51
3758 3240 92
3760 4481 18
3761 2802 28
3761 3060 38
3762 1892 91
3764 2798 76
3768 2321 52
3775 828 46
3775 1066 35
3775 1207 72
3776 714 51
3777 1811 31
3778 404 51
3778 2640 33
3779 3252 78
3780 2136 92
3782 4848 46
3783 1287 52
3792 1022 16
3792 3705 51
3792 3741 86
3794 3795 55
3803 3802 43
3807 2972 33
3809 3808 101
3812 1034 13
3813 11 42
3813 322 19
3814 1900 39
3814 3928 21
3815 1947 104
3817 2305 47
3817 4916 22
3818 3416 20
3819 108 49
3819 3170 60
3819 3406 43
3819 4274 32
3820 226 60
3823 109 97
3823 3479 26
3825 3826 73
3826 3217 79
3828 3827 58
3830 1073 20
3831 2582 91
3835 2303 53
3835 4063 47
3839 3633 35
3840 4220 87
3841 3297 79
3842 3830 28
3844 3845 31
3848 670 54
3849 2829 23
3849 3848 65
3852 1660 107
3855 530 79
3856 4682 99
3857 829 95
3858 3857 72
3858 4254 60
3860 3859 96
3864 2311 30
3865 4641 99
3866 4795 47
3868 1761 54
3869 4365 69
3870 2938 64
3870 3213 26
3871 3870 91
3873 936 16
3873 3872 83
3874 1110 101
3874 4402 76
3875 4079 75
3876 2959 68
3880 1139 22
3887 196 30
3888 861 44
3889 288 71
3891 4092 58
3897 3076 61
3897 4949 107
3899 3898 30
3900 3490 95
3901 2015 106
3902 850 21
3904 4943 77
3905 1019 36
3907 3273 73
3910 472 86
3910 3911 55
3911 1307 36
3911 3407 13
3911 4338 20
3912 873 106
3913 396 42
3916 4809 103
3919 1202 36
3922 1683 52
3923 2328 57
3923 4113 26
3925 1705 80
3925 3422 14
3929 503 73
3929 715 16
3930 324 55
3932 509 84
3932 1008 41
3933 351 74
3936 488 42
3937 3463 100
3939 4618 83
3940 3130 19
3942 1377 15
3943 736 84
3943 4275 59
3946 3135 25
3947 1548 33
3947 3946 97
3949 2433 25
3950 1462 48
3951 817 104
3954 871 91
3961 3248 72
3966 3646 74
3970 31 65
3971 97 97
3971 3996 55
3974 4208 29
3975 519 82
3975 995 53
3976 2200 46
3976 3975 108
3977 2315 91
3978 2466 47
3979 3978 82
3980 1327 36
3982 3694 65
3983 1155 99
3983 3982 62
3984 535 21
3986 4535 38
3987 1948 107
3987 3470 99
3988 1100 49
3988 3987 95
3990 2663 39
3992 3358 51
3995 59 51
3995 3039 97
4000 2626 94
4001 3304 69
4002 2720 22
4004 1830 30
4006 1297 82
4008 1484 13
4008 3267 24
4011 2739 13
4011 4593 82
4016 4015 24
4016 4017 19
4017 1582 12
4017 2610 101
4017 4016 40
4020 1549 18
4025 1273 22
4026 4363 72
4026 4928 55
4027 4026 48
4028 2629 103
4030 4031 92
4031 2935 83
4031 3739 64
4031 4302 67
4032 3557 23
4033 4697 28
4034 4923 72
4038 4037 107
4039 2015 84
4040 3423 13
4045 386 71
4045 1406 65
4045 1812 63
4046 4045 65
4047 344 40
4047 4662 45
4050 4049 45
4051 4012 41
4054 3089 72
4066 1415 25
4067 589 18
4068 1631 50
4068 4576 88
4071 17 11
4074 614 102
4074 2951 75
4081 24 79
4081 470 75
4081 4080 106
4082 3937 16
4083 4084 88
4084 1542 98
4085 2111 28
4085 4086 56
4085 4569 52
4087 1472 39
4087 4559 41
4089 1308 22
4089 1724 92
4090 3401 16
4093 2803 55
4093 4324 89
4094 4095 43
4097 2256 74
4099 1127 95
4102 1016 40
4103 2899 65
4104 3017 53
4104 4105 96
4109 4897 74
4110 3269 28
4112 4113 52
4117 4025 99
4117 4282 85
4120 2091 84
4121 2024 20
4121 2724 82
4125 4363 81
4127 4126 107
4128 2569 68
4129 4128 26
4134 617 64
4134 4133 67
4134 4793 82
4138 659 46
4138 4137 74
4138 4878 14
4140 166 26
4140 280 78
4140 2874 76
4141 4834 18
4142 3887 54
4144 1865 37
4145 1444 93
4146 4337 56
4149 4676 73
4151 375 33
4152 3200 95
4156 4155 103
4157 3697 51
4163 4549 94
4165 960 71
4165 3656 60
4169 916 68
4169 4170 68
4173 1343 92
4173 3082 36
4173 4069 96
4177 867 74
4180 2858 93
4181 1077 74
4182 660 89
4182 2205 93
4183 4866 28
4184 1592 96
4185 2420 34
4187 1782 102
4191 713 54
4193 4192 105
4194 4193 97
4198 5 79
4198 3258 83
4198 4559 24
4199 1179 32
4199 2541 31
4206 2523 85
4208 4207 75
4209 3673 86
4210 4668 76
4212 4211 62
4212 4213 29
4214 4748 59
4214 4778 84
4215 21 47
4216 1186 79
4217 2505 54
4218 1352 106
4220 806 102
4226 3979 102
4229 1915 24
4229 3278 40
4234 1397 63
4234 2371 96
4234 4233 21
4236 318 76
4236 3278 60
4239 779 86
4240 1745 71
4240 3384 64
4241 2060 98
4242 462 108
4244 3999 14
4245 890 59
4245 1223 60
4246 1309 54
4246 4652 52
4247 2990 35
4248 4247 41
4249 4572 87
4250 3010 89
4251 1155 32
4251 2623 33
4253 1609 30
4253 4254 102
4254 84 67
4256 2934 26
4259 4258 26
4260 134 80
4262 4748 67
4264 2430 105
4269 3005 41
4269 4270 23
4272 2509 97
4272 4132 84
4273 1484 12
4276 2416 86
4280 4279 86
4281 197 107
4282 4283 40
4284 1669 31
4287 385 53
4287 4288 104
4292 727 18
4294 2088 64
4298 730 33
4299 1118 63
4299 4300 80
4300 3490 61
4306 4307 74
4311 774 99
4311 2728 69
4315 900 39
4315 4314 61
4317 1486 18
4318 2682 46
4318 3165 67
4319 4595 79
4321 393 84
4321 4732 33
4325 3127 56
4325 4330 50
4326 3044 20
4328 2532 70
4329 2165 108
4330 1313 49
4336 24 43
4336 2383 24
4337 4336 66
4343 1770 18
4343 2633 44
4347 138 56
4347 146 85
4347 2154 49
4352 3653 51
4352 3818 89
4355 3148 60
4355 3835 91
4356 4357 85
4357 2192 83
4358 4973 44
4359 443 36
4359 4360 71
4362 272 40
4363 2042 24
4363 4364 109
4364 3074 81
4367 3127 99
4368 2635 21
4370 2892 34
4371 684 18
4374 4375 70
4379 4423 20
4381 3641 80
4383 1509 53
4383 4382 72
4384 4383 95
4386 4387 86
4392 2066 63
4392 3165 94
4393 4394 19
4395 1061 46
4395 4186 94
4398 4424 29
4400 1294 74
4407 2413 13
4410 1862 21
4416 221 54
4418 4417 91
4422 3290 23
4424 3147 15
4425 1850 85
4426 867 50
4426 2935 15
4427 1603 83
4428 1845 51
4428 4429 93
4429 1448 59
4430 2472 31
4433 4251 41
4434 1317 15
4435 1827 29
4436 4076 86
4437 2018 86
4437 4716 101
4440 420 79
4442 4132 57
4442 4797 14
4444 1113 100
4444 4443 48
4447 1029 105
4450 2412 65
4453 3117 41
4453 4452 68
4455 4456 36
4456 456 49
4457 4707 70
4460 637 12
4460 3184 42
4461 1543 103
4464 1892 102
4465 4464 14
4467 1639 53
4469 4000 32
4470 674 50
4472 4473 102
4473 2767 20
4473 4472 46
4474 4475 64
4483 387 54
4485 1137 71
4489 2533 89
4490 2385 65
4493 2291 104
4497 3470 46
4498 2287 51
4502 143 34
4504 422 97
4504 2495 13
4504 3279 16
4507 1205 80
4507 3253 103
4508 1423 42
4509 51 82
4509 727 12
4509 3499 54
4510 755 56
4510 1958 30
4510 4509 70
4511 1492 79
4511 3308 14
4513 2462 61
4514 2578 56
4514 3983 82
4516 1409 108
4520 946 43
4520 2563 79
4520 2624 61
4520 4521 70
4520 4894 24
4522 2847 76
4524 938 74
4524 3662 76
4532 2235 41
4534 837 106
4535 3074 64
4535 4534 10
4536 856 21
4536 3593 101
4536 3961 108
4536 4535 72
4540 1583 51
4544 4531 77
4544 4543 99
4545 4041 24
4545 4546 45
4546 982 93
4546 2744 32
4546 4545 41
4548 4733 100
4551 1242 24
4552 3978 29
4554 97 101
4554 982 77
4558 2342 74
4558 4557 51
4559 3199 106
4563 307 90
4565 4564 20
4566 1277 22
4567 1414 52
4567 2889 90
4570 4569 95
4571 3931 75
4571 4570 46
4577 957 60
4577 1016 42
4579 4578 65
4580 4581 15
4584 2151 84
4587 4588 33
4589 4236 64
4590 3758 24
4590 4589 104
4590 4591 98
4592 3027 33
4594 2816 17
4594 4593 73
4595 1060 19
4595 1847 105
4597 4583 10
4599 4598 53
4604 550 83
4608 4607 103
4609 4610 39
4610 1363 10
4613 3755 52
4614 582 57
4616 3903 71
4617 1924 35
4619 4940 109
4620 1806 34
4624 149 28
4627 3683 17
4628 105 79
4629 514 47
4640 2083 95
4641 520 60
4641 1466 100
4641 4642 63
4642 2197 62
4644 2786 11
4646 2246 28
4648 3991 92
4649 1940 87
4652 630 92
4652 4038 89
4653 605 46
4654 619 33
4654 4653 78
4659 2369 62
4660 674 87
4660 2706 82
4660 4661 87
4662 4820 30
4665 4664 16
4667 2485 103
4670 4671 81
4671 713 98
4671 3039 15
4673 4674 75
4675 279 59
4676 4540 21
4679 3586 60
4681 683 65
4682 4681 101
4683 4684 92
4684 3039 91
4691 821 35
4691 4690 41
4691 4795 101
4693 1336 101
4693 1392 14
4694 3652 105
4694 4270 87
4695 3965 88
4695 4696 82
4697 1207 44
4699 1974 14
4703 4704 98
4705 4704 100
4706 2298 47
4708 3942 40
4709 3026 46
4711 1156 106
4712 4713 103
4717 4716 20
4718 16 104
4720 1305 100
4721 2240 29
4722 3074 62
4723 808 19
4723 1871 54
4729 4882 35
4730 4819 109
4732 4252 34
4734 332 33
4736 2329 39
4737 2612 78
4738 3759 51
4741 2901 37
4741 4052 63
4741 4740 91
4742 4746 63
4746 2367 68
4748 111 68
4749 118 34
4751 1179 98
4757 1522 57
4758 1009 103
4760 617 81
4765 1440 65
4766 4870 40
4768 4769 92
4770 2623 38
4773 651 65
4775 2682 23
4776 3602 84
4776 4777 44
4778 2876 24
4780 1490 93
4783 4782 32
4783 4784 52
4784 3954 98
4792 4791 26
4794 941 14
4794 1984 53
4796 4795 92
4798 4098 67
4799 1916 73
4801 1938 27
4802 2838 32
4806 3812 21
4809 843 74
4809 4984 96
4810 56 100
4811 4746 28
4813 3114 27
4818 3817 13
4823 2327 101
4823 3692 59
4825 3653 107
4827 4599 48
4829 25 83
4833 4674 70
4835 4836 94
4838 3559 12
4840 2996 47
4844 4845 16
4845 4844 72
4845 4948 69
4849 787 17
4850 4751 93
4851 3065 77
4851 4884 56
4854 229 67
4860 4764 106
4863 4576 20
4865 1303 80
4865 1903 20
4867 3299 97
4867 4868 23
4870 3535 62
4873 1817 64
4874 4656 75
4875 3209 75
4875 4324 30
4877 665 74
4879 4107 84
4884 4883 45
4886 2928 68
4888 4387 25
4891 4854 53
4894 1720 95
4894 2240 106
4895 2479 107
4895 3338 84
4899 3617 67
4903 3044 89
4907 4945 102
4908 4907 104
4909 239 74
4911 4910 33
4912 4913 89
4914 2929 68
4915 2753 99
4917 3860 25
4917 4918 58
4919 1897 86
4919 4298 37
4920 95 10
4921 386 36
4921 4920 52
4922 500 12
4924 2294 24
4925 4926 27
4926 4010 54
4928 1953 74
4928 3963 42
4930 2881 73
4932 445 103
4932 4380 76
4935 4936 71
4938 85 39
4939 3936 61
4940 4156 105
4946 4947 25
4947 947 56
4948 1845 57
4949 920 35
4949 1708 52
4950 4951 61
4953 1757 88
4953 4954 13
4959 646 46
4960 1723 93
4965 2339 101
4968 2684 96
4969 3660 94
4969 4970 25
4970 3031 85
4970 4969 90
4973 3926 77
4974 4975 41
4977 53 76
4978 3876 54
4978 4145 65
4979 1586 99
4979 4978 78
4981 4982 14
4984 2412 95
4984 3172 93
4984 4014 81
4986 4542 40
4986 4985 14
4988 1770 26
4988 3059 94
4990 4795 30
4990 4989 102
4991 4865 67
4992 4472 30
4997 3025 25
5000 2467 86